 3.4948533  12.15051474  9.72448506
  2.61334585 12.48471591  9.45680203
  1.73183841 12.81891708  9.18911899
  0.85033096 13.15311824  8.92143596
 -0.03117648 13.48731941  8.65375293
 -0.91268393 13.82152057  8.3860699 
 -1.79419137 14.15572174  8.11838687
 -2.67569882 14.4899229   7.85070383
 -3.55720626 14.82412407  7.5830208 
 -4.43871371 15.15832523  7.31533777
 -5.32022115 15.4925264   7.04765474
 -6.2017286  15.82672756  6.77997171
 -7.08323604 16.16092873  6.51228867
 -7.96474349 16.49512989  6.24460564
 -8.84625093 16.82933106  5.97692261
 -9.72775838 17.16353222  5.70923958
