-8.84386523e-01 -5.82791984e+01 -4.12567192e-01
 -1.30102045e+00 -5.88769964e+01 -1.06789440e+00
 -1.71765437e+00 -5.94747944e+01 -1.72322160e+00
 -2.13428829e+00 -6.00725924e+01 -2.37854881e+00
 -2.55092221e+00 -6.06703903e+01 -3.03387601e+00
 -2.96755613e+00 -6.12681883e+01 -3.68920322e+00
 -3.38419005e+00 -6.18659863e+01 -4.34453042e+00
 -3.80082397e+00 -6.24637843e+01 -4.99985763e+00
 -4.21745790e+00 -6.30615823e+01 -5.65518483e+00
 -4.63409182e+00 -6.36593803e+01 -6.31051203e+00
 -5.05072574e+00 -6.42571782e+01 -6.96583924e+00
 -5.46735966e+00 -6.48549762e+01 -7.62116644e+00
 -5.88399358e+00 -6.54527742e+01 -8.27649365e+00
 -6.30062750e+00 -6.60505722e+01 -8.93182085e+00
 -6.71726143e+00 -6.66483702e+01 -9.58714806e+00
 -7.13389535e+00 -6.72461682e+01 -1.02424753e+01
  4.28951687e+00  2.28676906e+01  2.31165890e+01
  3.44370541e+00  2.27802610e+01  2.26293939e+01
  2.59789396e+00  2.26928314e+01  2.21421989e+01
  1.75208250e+00  2.26054018e+01  2.16550038e+01
  9.06271042e-01  2.25179721e+01  2.11678087e+01
  6.04595846e-02  2.24305425e+01  2.06806136e+01
 -7.85351873e-01  2.23431129e+01  2.01934186e+01
 -1.63116333e+00  2.22556833e+01  1.97062235e+01
 -2.47697479e+00  2.21682536e+01  1.92190284e+01
 -3.32278625e+00  2.20808240e+01  1.87318334e+01
 -4.16859770e+00  2.19933944e+01  1.82446383e+01
 -5.01440916e+00  2.19059648e+01  1.77574432e+01
 -5.86022062e+00  2.18185351e+01  1.72702481e+01
 -6.70603208e+00  2.17311055e+01  1.67830531e+01
 -7.55184353e+00  2.16436759e+01  1.62958580e+01
 -8.39765499e+00  2.15562463e+01  1.58086629e+01
  9.41491868e-01 -2.32147322e+01 -1.66995805e+01
  9.41442801e-01 -2.33578884e+01 -1.57300928e+01
  9.41393733e-01 -2.35010446e+01 -1.47606052e+01
  9.41344666e-01 -2.36442008e+01 -1.37911176e+01
  9.41295598e-01 -2.37873571e+01 -1.28216299e+01
  9.41246531e-01 -2.39305133e+01 -1.18521423e+01
  9.41197463e-01 -2.40736695e+01 -1.08826546e+01
  9.41148396e-01 -2.42168257e+01 -9.91316697e+00
  9.41099328e-01 -2.43599819e+01 -8.94367932e+00
  9.41050261e-01 -2.45031381e+01 -7.97419168e+00
  9.41001193e-01 -2.46462944e+01 -7.00470403e+00
  9.40952126e-01 -2.47894506e+01 -6.03521639e+00
  9.40903058e-01 -2.49326068e+01 -5.06572874e+00
  9.40853991e-01 -2.50757630e+01 -4.09624109e+00
  9.40804923e-01 -2.52189192e+01 -3.12675345e+00
  9.40755855e-01 -2.53620754e+01 -2.15726580e+00
 -1.63747657e+01 -1.39955665e+01 -2.73834961e+00
 -1.63216022e+01 -1.44077313e+01 -1.85082849e+00
 -1.62684386e+01 -1.48198962e+01 -9.63307368e-01
 -1.62152750e+01 -1.52320611e+01 -7.57862458e-02
 -1.61621115e+01 -1.56442260e+01  8.11734876e-01
 -1.61089479e+01 -1.60563909e+01  1.69925600e+00
 -1.60557844e+01 -1.64685558e+01  2.58677712e+00
 -1.60026208e+01 -1.68807207e+01  3.47429824e+00
 -1.59494572e+01 -1.72928855e+01  4.36181936e+00
 -1.58962937e+01 -1.77050504e+01  5.24934049e+00
 -1.58431301e+01 -1.81172153e+01  6.13686161e+00
 -1.57899666e+01 -1.85293802e+01  7.02438273e+00
 -1.57368030e+01 -1.89415451e+01  7.91190385e+00
 -1.56836394e+01 -1.93537100e+01  8.79942497e+00
 -1.56304759e+01 -1.97658749e+01  9.68694610e+00
 -1.55773123e+01 -2.01780398e+01  1.05744672e+01
  5.28359766e+00 -8.88992550e+00  6.37987790e+00
  5.54935091e+00 -9.40496308e+00  7.17013831e+00
  5.81510416e+00 -9.92000065e+00  7.96039871e+00
  6.08085741e+00 -1.04350382e+01  8.75065912e+00
  6.34661066e+00 -1.09500758e+01  9.54091952e+00
  6.61236391e+00 -1.14651134e+01  1.03311799e+01
  6.87811715e+00 -1.19801510e+01  1.11214403e+01
  7.14387040e+00 -1.24951885e+01  1.19117007e+01
  7.40962365e+00 -1.30102261e+01  1.27019611e+01
  7.67537690e+00 -1.35252637e+01  1.34922215e+01
  7.94113015e+00 -1.40403013e+01  1.42824819e+01
  8.20688340e+00 -1.45553388e+01  1.50727424e+01
  8.47263664e+00 -1.50703764e+01  1.58630028e+01
  8.73838989e+00 -1.55854140e+01  1.66532632e+01
  9.00414314e+00 -1.61004516e+01  1.74435236e+01
  9.26989639e+00 -1.66154891e+01  1.82337840e+01
