  3.01281343  -5.08317735   5.45681921
   2.52794635  -5.92230271   5.60232712
   2.04307927  -6.76142806   5.74783502
   1.55821218  -7.60055342   5.89334293
   1.0733451   -8.43967878   6.03885083
   0.58847802  -9.27880413   6.18435874
   0.10361094 -10.11792949   6.32986665
  -0.38125615 -10.95705484   6.47537455
  -0.86612323 -11.7961802    6.62088246
  -8.15136899   8.88548212   7.03395632
  -8.4544342    8.7332572    6.11451135
  -8.75749941   8.58103228   5.19506638
  -9.06056462   8.42880735   4.27562142
  -9.36362984   8.27658243   3.35617645
  -9.66669505   8.1243575    2.43673148
  -9.96976026   7.97213258   1.51728651
 -10.27282547   7.81990766   0.59784154
 -10.57589069   7.66768273  -0.32160343
