 4.07858416  4.11968537  1.32216031
  3.88340334  3.15981764  1.35311832
  3.68822253  2.19994992  1.38407633
  3.49304172  1.24008219  1.41503434
  3.29786091  0.28021446  1.44599235
  3.1026801  -0.67965326  1.47695036
  2.90749929 -1.63952099  1.50790837
  2.71231848 -2.59938872  1.53886638
  2.51713766 -3.55925644  1.56982439
  2.32195685 -4.51912417  1.6007824 
  0.69256993  3.58091521 -3.9429166 
 -0.21502865  3.61840048 -4.31069328
 -1.12262722  3.65588575 -4.67846995
 -2.0302258   3.69337103 -5.04624662
 -2.93782437  3.7308563  -5.41402329
 -3.84542295  3.76834157 -5.78179996
 -4.75302152  3.80582684 -6.14957663
 -5.6606201   3.84331211 -6.5173533 
 -6.56821868  3.88079739 -6.88512997
 -7.47581725  3.91828266 -7.25290664
