 0.18800322 -6.30791114  5.56765411
  0.43406433 -5.41901373  5.23642108
  0.68012544 -4.53011632  4.90518805
  0.92618655 -3.64121891  4.57395501
  1.17224765 -2.75232149  4.24272198
  1.41830876 -1.86342408  3.91148895
  1.66436987 -0.97452667  3.58025591
  1.91043097 -0.08562926  3.24902288
  2.15649208  0.80326816  2.91778985
  2.40255319  1.69216557  2.58655682
  8.89112728 -1.1759412  -6.6183651 
  8.87266166 -2.09467242 -6.95894103
  8.85419603 -3.01340364 -7.29951696
  8.83573041 -3.93213486 -7.64009288
  8.81726479 -4.85086609 -7.98066881
  8.79879916 -5.76959731 -8.32124474
  8.78033354 -6.68832853 -8.66182067
  8.76186791 -7.60705975 -9.00239659
  8.74340229 -8.52579097 -9.34297252
  8.72493666 -9.4445222  -9.68354845
