 5.14204874e+00  1.32171443e+01 -1.04667235e+00
  5.30160358e+00  1.25017650e+01 -1.69719116e+00
  5.46115841e+00  1.17863858e+01 -2.34770996e+00
  5.62071325e+00  1.10710065e+01 -2.99822876e+00
  5.78026809e+00  1.03556272e+01 -3.64874757e+00
  5.93982292e+00  9.64024786e+00 -4.29926637e+00
  6.09937776e+00  8.92486856e+00 -4.94978518e+00
  6.25893260e+00  8.20948926e+00 -5.60030398e+00
  6.41848743e+00  7.49410996e+00 -6.25082278e+00
  6.57804227e+00  6.77873066e+00 -6.90134159e+00
  3.51539425e+00  1.07583789e+01  3.69608078e+00
  2.63832267e+00  1.11860550e+01  3.78684746e+00
  1.76125108e+00  1.16137311e+01  3.87761414e+00
  8.84179497e-01  1.20414072e+01  3.96838082e+00
  7.10791228e-03  1.24690833e+01  4.05914750e+00
 -8.69963672e-01  1.28967594e+01  4.14991419e+00
 -1.74703526e+00  1.33244355e+01  4.24068087e+00
 -2.62410684e+00  1.37521116e+01  4.33144755e+00
 -3.50117843e+00  1.41797877e+01  4.42221423e+00
 -4.37825001e+00  1.46074638e+01  4.51298091e+00
